1
219
230
231
232
242
252
255
313
314
315
316
317
318
322
331
332
364
365
372
374
375
376
377
378
389
400
401
402
403
404
405
406
407
409
419
420
450
481
484
518
525
540
558
559
578
579
580
612
626
627
633
642
658
659
668
673
682
711
720
729
749
753
776
807
808
813
814
816
823
824
826
840
850
851
872
897
898
900
908
918
919
922
955
957
958
970
971
972
979
981
982
991
1002
1003
1005
1006
1007
1008
1022
1023
1026
1027
1029
1030
1033
1036
1042
1043
1044
1045
1046
1047
1065
1066
1067
1081
1096
1097
1098
1116
1117
1129
1132
1141
1142
1150
1156
1162
1163
1168
1172
1173
1177
1180
1190
1191
1197
1198
1199
1200
1201
1207
1208
1209
1210
1228
1229
1230
1237
1238
1239
1240
1241
1246
1247
1257
1260
1261
1262
1265
1266
1267
1268
1269
1270
1271
1276
1277
1278
1279
1287
1288
1289
1297
1298
1323
1325
1326
1327
1328
1329
1330
1336
1337
1354
1412
1417
1426
1458
1459
1482
1483
1484
1486
1490
1491
1495
1501
1502
1503
1508
1509
1512
1516
1517
1518
1519
1527
1528
1538
1542
1545
1546
1568
1569
1570
1571
1583
1584
1586
1587
1592
1593
1594
1597
1599
1602
1603
1613
1614
1615
1622
1623
1626
1634
1635
1637
1645
1650
1659
1664
1665
1670
1673
1683
1684
1685
1706
1714
1715
1727
1729
1730
1734
1735
1736
1737
1738
1739
1740
1741
1742
1743
1754
1755
1771
1772
1773
1778
1785
1800
1806
1807
1808
1814
1815
1823
1829
1877
1887
1888
1889
1917
1930
1931
1940
1941
1942
1954
1955
1956
1957
1958
1959
1963
1964
1967
1976
1977
1978
1979
1980
1981
1985
1986
1999
2000
2001
2002
2003
2004
2005
2007
2023
2024
2042
2044
2052
2053
2143
2144
2145
2147
2148
2149
2150
2151
2152
2153
2154
2155
2157
2181
2182
2183
2186
2322
2404
2405
2407
2408
2409
2410
2411
2414
2416
2418
2542
2615
2616
2617
2618
2622
2624
2625
2631
2632
2633
2636
2674
2675
2679
2680
2682
2683
2688
2689
2690
2691
2806
2807
2808
2824
2826
2827
2828
2829
2830
2838
2839
2840
2842
2851
2859
2860
2861
2862
2873
2875
2876
2877
2878
2880
2881
2882
2883
2884
2886
2887
2888
2889
2890
2891
2892
2893
2896
2897
2906
2907
2908
2909
2910
2911
2912
2924
2929
2930
2931
2936
2937
2941
2946
2947
2955
2976
2977
2978
2979
2980
2985
2989
2990
2991
2995
2997
2998
2999
3000
3001
3006
3007
3008
3010
3012
3013
3019
3030
3031
3033
3034
3060
3061
3062
3071
3075
3089
3097
3147
3149
3179
3189
3198
3201
3202
3203
3204
3205
3209
3210
3211
3212
3213
3216
3217
3221
3222
3223
3224
3229
3230
3264
3280
3281
3282
3283
3284
3285
3286
3287
3288
3289
3290
3291
3292
3314
3316
3359
3360
3361
3362
3363
3364
3365
3370
3373
3419
3428
3429
3434
3444
3445
3451
3456
3464
3476
3478
3489
3490
3492
3508
3513
3518
3521
3522
3537
3554
3559
3560
3561
3562
3578
3604
3605
3606
3610
3612
3614
3626
3628
3640
3650
3659
3662
3681
3682
3684
3685
3688
3694
3736
3746
3747
3771
3772
3782
3794
3795
3808
3809
3827
3828
3835
3850
3870
3871
3883
3888
3897
3898
3901
3904
3933
3935
3964
3976
3984
3986
3995
4022
4024
4026
4034
4052
4053
4054
4055
4056
4057
4058
4059
4064
4065
4067
4071
4072
4074
4075
4079
4081
4083
4086
4093
4094
4095
4096
4102
4106
4107
4108
4109
4114
4115
4116
4117
4118
4119
4121
4122
4123
4124
4125
4134
4140
4144
4148
4154
4161
4173
4174
4176
4181
4216
4220
4221
4257
4260
4272
4285
4309
4334
4335
4356
4362
4363
4387
4388
4395
4397
4398
4408
4409
4451
4469
4495
