1
3
4
5
6
119
120
121
155
242
251
252
259
335
350
351
377
447
448
449
468
469
480
481
482
483
484
529
532
533
534
578
579
580
637
638
640
676
677
706
707
755
756
770
778
780
788
865
866
875
876
877
878
879
883
884
885
911
952
980
981
982
984
1044
1072
1084
1086
1098
1099
1100
1101
1205
1206
1207
1208
1222
1223
1224
1225
1226
1227
1230
1231
1243
1245
1327
1328
1329
1330
1332
1383
1384
1385
1386
1387
1408
1409
1410
1411
1412
1413
1414
1439
1463
1464
1465
1466
1467
1474
1475
1476
1477
1478
1498
1499
1533
1534
1535
1536
1537
1570
1571
1572
1573
1606
1607
1608
1609
1610
1725
1726
1818
1856
1857
1858
1859
1860
1894
1926
1927
1928
1929
1930
1992
1993
1994
1995
1996
2017
2018
2022
2023
2065
2091
2092
2093
2098
2099
2100
2101
2122
2123
2125
2126
2127
2128
2129
2130
2131
2132
2133
2144
2145
2197
2239
2266
2300
2301
2304
2310
2311
2332
2333
2335
2383
2384
2438
2439
2440
2447
2499
2540
2541
2606
2607
2608
2629
2659
2674
2679
2698
2710
2728
2729
2733
2763
2764
2765
2766
2767
2784
2785
2786
2820
2821
2822
2825
2826
2827
2828
2857
2858
2859
2860
2897
2898
2899
2900
2952
2959
2960
2961
2962
2963
2964
2965
2966
2967
2968
3017
3022
3023
3024
3116
3117
3118
3119
3120
3121
3122
3128
3129
3130
3137
3138
3139
3140
3185
3186
3231
3329
3330
3331
3349
3350
3351
3352
3353
3354
3355
3392
3393
3394
3395
3410
3411
3412
3413
3414
3420
3421
3422
3423
3424
3425
3426
3427
3428
3429
3504
3516
3517
3518
3547
3548
3549
3568
3569
3570
3571
3572
3573
3577
3578
3579
3580
3581
3582
3583
3598
3599
3600
3622
3623
3624
3625
3626
3630
3631
3632
3633
3634
3635
3636
3660
3661
3662
3663
3699
3700
3701
3702
3703
3704
3705
3706
3711
3712
3762
3763
3764
3765
3766
3782
3783
3784
3785
3786
3787
3788
3798
3801
3802
3803
3804
3808
3809
3810
3811
3812
3841
3842
3843
3844
3845
3846
3847
3848
3849
3850
3851
3852
3853
3884
3885
3935
3936
3937
3938
3961
3962
3963
3964
3977
3978
3979
3980
4046
4049
4056
4065
4080
4082
4092
4095
4137
4138
4139
4140
4141
4142
4143
4144
4145
4146
4188
4200
4221
4222
4223
4224
4225
4226
4227
4228
4230
4231
4232
4341
4402
4403
4404
4424
4425
4426
4427
4462
4463
4465
4500
