1
31
119
132
134
136
174
190
192
245
247
254
256
268
278
280
451
453
455
477
531
533
556
664
685
687
698
720
751
753
755
775
795
809
819
826
848
850
852
864
866
876
878
880
887
893
895
901
903
905
907
909
913
935
940
942
974
976
978
1055
1057
1067
1100
1102
1106
1149
1151
1153
1155
1157
1159
1166
1168
1170
1172
1174
1200
1262
1264
1266
1282
1284
1286
1291
1293
1295
1312
1314
1319
1321
1334
1336
1338
1345
1347
1349
1351
1359
1361
1363
1365
1370
1372
1374
1376
1378
1380
1382
1389
1391
1395
1397
1400
1402
1404
1420
1449
1476
1478
1485
1487
1496
1498
1502
1572
1574
1581
1583
1751
1826
1845
1847
1855
1858
1882
1887
1955
1957
2043
2045
2052
2054
2123
2287
2289
2291
2324
2405
2407
2409
2477
2479
2481
2497
2499
2510
2512
2514
2522
2524
2526
2539
2573
2727
2729
2750
2815
2818
2820
2847
3099
3101
3103
3105
3127
3129
3133
3156
3158
3166
3186
3190
3203
3205
3256
3259
3261
3267
3269
3300
3484
3526
3606
3608
3756
3812
3839
3848
3853
3856
3860
3864
3867
3963
3965
3970
3972
3974
3977
4017
4019
4021
4095
4097
4099
4101
4137
4193
4195
4229
4231
4233
4235
4239
4257
4259
4261
4283
4285
4287
4316
4324
4326
4328
4330
4332
4408
4410
4412
4414
4500